./PmergeMe 60343  92512  43445  5401  79565  1061  91358  55922  16618  20342  73623  81875  52467  77329  63620  83505  1422  72143  41948  50280  65040  79085  72627  68351  84283  41371  95817  74155  48643  89666  13091  11189  75938  59649  46241  61794  4009  59358  79613  65562  97530  84  20771  96893  54733  55869  74551  72871  73903  46405  7749  95281  18305  77972  61032  19120  36871  79229  29959  3840  71638  40716  57995  34806  75900  86544  66423  64544  55972  62830  96282  92601  8398  734  70998  22301  33360  12064  20282  24728  47315  17008  14644  97064  77029  68045  1647  79306  67688  67950  61799  75605  57857  25601  47981  94832  65501  70077  53970  10991  14968  17528  10943  74725  33282  88645  56285  52129  89701  55738  76853  35394  98184  71153  21954  67635  25304  44955  90863  21860  27611  18277  66961  62348  76142  80017  53698  54577  44370  48646  83293  78289  3338  54818  41571  96990  31693  73082  28796  38670  81014  18435  66104  55908  26792  17547  67396  38  7696  41467  13301  67022  24054  42331  79164  58295  94307  690  74995  10613  37590  45115  59514  26904  88873  68596  25218  35356  11642  37394  49825  35076  58976  36379  7348  95158  7722  900  37495  90942  55980  5476  88222  69832  93789  12210  43323  8937  51779  59573  8145  16145  43666  69844  11887  47428  3604  32778  41156  88591  5816  71317  18427  4960  37792  54605  38941  15907  46712  78368  18258  48867  73782  98942  36592  98051  68524  55098  52768  18614  44509  25434  69387  43487  59228  33678  43725  37839  38733  53894  29797  15569  334  15190  82876  97516  96782  46838  45216  75386  26278  28679  80465  19063  66575  46974  68720  72843  93628  48382  21926  88560  19106  78681  56605  68877  4080  20935  5706  39479  25767  63012  52207  76963  41768  90737  85658  57653  36436  13896  84102  11651  8316  99571  75284  2458  62321  17680  58262  17715  53619  52619  43089  87414  21809  16881  45125  48436  65220  44134  12230  34549  99627  96076  52561  31016  2081  12348  27497  47935  47563  68823  3514  28418  87778  94403  77692  29244  73665  76119  2433  44269  88972  98374  87103  18270  61306  95986  9528  192  65465  57604  65833  82358  56019  79993  79205  26256  34894  92034  19286  53502  70956  15524  86757  53054  19670  76177  36502  97909  70010  5763  61707  90192  12147  68110  80905  78800  28576  96042  79829  12312  9484  52004  56092  66293  99846  52869  53099  69656  5279  10304  59394  22423  87961  74992  80941  24306  96665  84340  40354  32569  86819  80948  52409  62731  1548  35067  53348  75809  52807  66522  20435  99980  4684  91959  98884  76596  76224  83074  87756  71825  93444  59850  58704  63271  84729  26798  37177  3494  63039  8850  75667  58966  35322  2382  61423  14458  23041  4822  39769  56824  72421  92895  85291  32291  21146  51640  86868  8681  70386  69195  36655  58643  82579  82513  66653  65147  60573  80083  11037  60487  6239  31452  6545  62890  48774  30439  67201  58934  39914  93156  23374  79880  72629  19000  45354  73414  7423  20218  38516  40937  75783  39927  33985  18419  26017  40809  38199  47290  5345  94527  90744  9705  47042  87133  93473  41421  64556  24962  49067  9192  62279  92149  6448  74244  97983  82663  12222  65306  17199  51308  62369  29823  20488  3319  37241  60905  61195  23536  99680  45581  27090  885  66405  97252  27777  85434  59128  76556


./PmergeMe $(shuf -i 0-99 -n 10)
./PmergeMe 51 43 57 24 62 80 92 94 16 23 82 97 40 30 56 39
./PmergeMe 34 51 36 74 19 84 73 61 26 15 8 2 1 16 67 85
./PmergeMe 55 76 62 51 98 24 34 37 97 21 13
./PmergeMe 22 51 47 76 21 55 70 6 41 30 82 34
./PmergeMe 42 47 22 21 64 68 58 67 54 91 6
./PmergeMe 55 61 32 66 26 94 0 91 27 79 25 85 1 81 5 34 57 65 17 88 6 29 64

./PmergeMe 50 79 59 57 6 90 60 84 42 15 3 70 53 67 58 86 96 92 88 91 56
./PmergeMe 11 2 17 0 16 8 6 15 10 3 21 1 18 9 14 19 12 5 4 20 13 7
./PmergeMe 17 2 11 0 16 8 6 15 10 3 21 1 18 9 14 19 12 5 4 20 13 7
./PmergeMe 21 20 19 18 17 16 15 14 13 12 11 10 9 8 7 6 5 4 3 2 1 0

./PmergeMe 25 24 23 22 21 20 19 18 17 16 15 14 13 12 11 10 9 8 7 6 5 4 3 2 1 0
./PmergeMe 26 1 25 2 24 3 23 4 22 5 21 6 20 7 19 8 18 9 17 10 16 11 15 12 14 13
./PmergeMe 13 1 25 2 24 3 23 4 18 5 21 6 20 7 19 8 22 9 17 10 16 11 15 12 14 26

./PmergeMe 32 31 30 15 29 14 28 13 27 12 26 11 25 10 24 9 23 8 22 7 21 6 20 5 19 4 18 3 17 2 16 1 0 50
./PmergeMe 30 29 28 27 26 25 24 23 22 21 20 19 18 17 16 15 14 13 12 11 10 9 8 7 6 5 4 3 2 1
./PmergeMe 30 15 29 14 28 13 27 12 26 11 25 10 24 9 23 8 22 7 21 6 20 5 19 4 18 3 17 2 16 1

./PmergeMe 96 24 51 65 99 94 80 46 56 61 43 11 2 57 7 54 14 22 15 69 38 10 3 64 39 71 75

./PmergeMe 500 555 201 301 99 32 31 30 15 29 14 28 13 27 12 26 11 25 10 24 9 23 8 22 7 21 6 20 5 19 4 18 3 17 2 16 1 0 50 111 101

